GGG  0.79188  0.13007  0.07804
GGP  0.86652  0.07014  0.06335
GGX  0.69061  0.16446  0.14493
GPG  0.79526  0.12716  0.07759
GPP  0.97756  0.01282  0.00962
GPX  0.67736  0.22817  0.09447
GXG  0.68886  0.14445  0.16668
GXP  0.82548  0.04632  0.12821
GXX  0.51885  0.24095  0.24020
PGG  0.80926  0.08519  0.10556
PGP  0.91250  0.03250  0.05500
PGX  0.79355  0.13169  0.07476
PPG  0.94715  0.03659  0.01626
PPP  0.97213  0.02787  0.00000
PPX  0.78965  0.18817  0.02217
PXG  0.75218  0.13842  0.10939
PXP  0.85637  0.04685  0.09678
PXX  0.50514  0.32451  0.17035
XGG  0.73582  0.12885  0.13532
XGP  0.75522  0.11678  0.12800
XGX  0.63222  0.19966  0.16812
XPG  0.82985  0.09941  0.07074
XPP  0.95392  0.03908  0.00700
XPX  0.65109  0.23056  0.11834
XXG  0.51094  0.27074  0.21832
XXP  0.75520  0.09107  0.15373
XXX  0.28042  0.45379  0.26579
